00100111000011000111000101011011
00000000000100010001100011010110
11111111111010001110101100101100
00000000000000101100111000101111
11111111111111011110001100011111
00000000000011001100100100101010
00000000000010001101000000100111
11111111111111100111010010001101
11111111111100100001100011110101
00000000001001100111101011010001
00000000000000010100001101100100
00000000000000101000000101001110
11111111111110000010100010111101
00000000000001110011010011000001
00000000000000101001111001010111
00000000000000111101110101110110
00000000001101101010100000100001
00000000000001000011100100011001
00000000000001111000000010011001
11111111111101001010001111000011
00000000000000010110110000011111
00000000000000101110101001100010
00000000000000011101101101110100
11111111111111100100101111101110
00000000000000001111101000000101
00000000000010001000001110100010
11111111111101001100111010101011
00000000000000000101101011100100
11111111111111001100101100100011
00000000000000011010011101101001
00000000000001011100110000101100
00000000000000100100111010100111
00000000000101011101010100010101
11111111111110101100101111110100
00000000000001101001011011111010
00000000000000111110010000110101
00000000000000100111111111011101
11111111111110101101100010101110
11111111111111101110010001111011
00000000000000100111101000110101
00000000000000000111001110001100
11111111111111111000010000000010
11111111111111011010000101111101
00000000000000010001111000000111
11111111111111100011011101000010
00000000000000001111100000011011
00000000000000000001000011111001
00000000000000010110111001001010
00000000000000010000000011111110
11111111111110001101100101100101
11111111111111101101100010101101
11111111111111111011000010001010
00000000000000100001111100000000
00000000000000000110001001010010
00000000000000101000100010101001
00000000000001010110001110101011
00000000000000110010010011011000
11111111111111010101010011001101
00000000000000000000011010101110
11111111111111111101101001111101
00000000000000000010110101000000
11111111111111101010101001011011
11111111111111011001111101011000
11111111111111100010111110100101
